500 500 1000 333 17
379 216 7490
414 120 9976
124 285 9331
322 474 2176
163 387 5388
285 26 2056
314 256 6563
275 333 9355
154 401 6918
237 402 2733
357 45 8818
148 162 3400
333 378 8601
281 442 1052
268 404 3419
292 114 2462
27 342 9968
482 124 1340
28 237 9056
347 218 7318
233 48 6361
73 492 785
308 310 7145
246 384 8576
481 303 2706
205 195 2105
345 115 9636
66 172 2537
40 414 7017
65 21 707
489 145 9016
8 286 6481
398 174 3912
194 171 4483
468 388 5101
174 463 3299
376 42 2306
185 375 8044
13 289 3349
346 178 6522
60 330 8825
232 459 8909
480 133 5296
171 261 5924
223 409 5650
339 449 8140
412 356 3452
181 368 6571
450 59 2304
372 132 7599
474 363 5117
56 9 6819
433 8 2404
155 245 4150
464 250 9027
108 49 1258
224 83 4271
401 23 2286
85 104 5805
378 61 4656
465 152 983
62 317 6250
319 7 1439
366 389 7083
400 436 1346
343 134 3915
211 475 1747
493 166 6493
162 68 2603
313 209 6975
275 465 7322
344 485 2241
166 331 8658
498 89 4483
460 250 9106
460 211 9631
8 211 1565
252 296 5933
20 128 982
385 341 6810
216 142 4634
148 56 3272
357 317 3799
296 363 8457
447 402 5924
55 248 9181
497 369 4412
188 219 9194
38 182 9355
205 333 5717
197 208 1336
249 11 2187
151 454 9671
472 209 1385
167 185 8949
110 296 5511
84 272 3534
252 474 7443
446 283 8631
25 252 7373
317 490 1488
480 431 7529
401 98 9708
459 35 4363
478 438 1353
60 407 2208
341 472 5695
217 89 4661
158 204 9160
420 308 2158
380 187 7913
273 130 1824
485 441 6804
226 113 6195
493 399 1673
34 398 8926
120 62 3634
246 402 8525
464 18 3245
338 9 9789
219 141 9510
269 268 4627
156 137 6104
340 9 9818
126 11 9068
0 50 2002
111 97 4698
190 79 2475
196 348 1044
336 473 4345
339 426 4828
381 211 5477
353 92 1358
483 57 7798
431 40 6086
164 380 4504
143 322 670
205 79 2361
297 120 8563
78 399 3146
438 104 6108
125 349 4941
83 241 9022
85 100 3341
147 368 2802
147 318 3448
159 442 3850
139 117 9611
102 204 3541
336 84 8153
378 3 3844
153 311 3959
164 151 5805
147 427 1633
15 259 1796
246 242 3406
69 399 4395
356 367 8792
443 177 2557
303 33 5047
466 398 5037
485 141 4517
67 78 7546
490 59 1836
97 137 2897
290 3 9146
16 19 3807
223 292 3835
487 320 4754
412 65 8548
194 46 5778
339 365 6711
406 264 7781
157 166 6626
495 69 2087
238 2 5013
27 187 6615
85 302 1964
145 130 5533
224 209 6864
144 290 9757
135 240 6088
485 84 7516
183 193 6026
59 59 6160
62 166 529
175 25 1848
25 472 8023
291 253 551
67 112 6603
46 400 3300
248 1 553
353 345 7573
248 5 1095
233 225 5089
273 332 792
411 172 1007
282 184 699
401 190 5439
316 397 1259
241 277 2241
9 173 6312
369 293 8226
158 293 3469
268 378 4219
221 459 2969
173 45 1256
485 334 7025
427 91 9736
311 149 9549
412 482 6296
53 102 1357
330 250 7871
461 66 3932
457 260 1237
1 282 3535
227 157 2676
259 310 3952
317 486 9055
117 306 6785
380 352 674
256 415 8095
417 103 2511
492 240 8783
316 121 9439
93 31 8591
180 318 5185
376 215 7955
26 470 2033
325 403 5057
446 221 713
116 397 1729
196 130 4977
350 215 5021
280 312 5902
390 411 3732
290 67 9196
162 84 3296
486 312 8843
106 365 1792
58 198 9235
320 261 5777
197 223 2409
28 284 6647
269 137 1869
280 227 7003
156 481 3746
2 17 6763
457 247 3332
477 452 8712
123 37 1671
206 351 1371
92 366 2377
355 165 2994
301 194 3896
84 313 7265
494 79 1721
98 488 5651
366 90 4719
93 416 4433
443 131 4739
272 166 9219
65 235 7491
449 296 4405
122 283 3453
167 407 7308
126 12 4209
266 64 1257
272 347 6773
297 465 7469
98 159 7618
375 167 7591
191 175 8745
75 399 2608
386 28 7811
384 313 7784
14 197 4678
374 228 2939
298 438 7165
245 38 7434
81 193 9398
131 472 8050
24 471 1198
296 189 7506
421 327 5734
108 400 6810
370 324 1484
31 118 9761
492 416 4571
262 179 3134
221 324 3186
121 23 4376
486 28 522
82 210 6133
391 65 4298
490 247 3600
125 413 7455
213 202 5231
24 425 6388
478 83 7069
389 37 6821
67 93 5121
164 488 5312
268 342 7129
414 298 5554
207 255 8248
391 13 5009
223 230 3541
333 206 1452
465 67 3037
142 214 6405
298 480 8180
43 66 5986
74 328 1418
268 490 536
1 262 7718
413 4 5634
346 412 6049
127 413 7900
413 185 4072
259 191 7426
167 222 8026
11 358 3834
343 443 4215
494 115 7357
156 444 8734
324 262 3828
235 224 4557
488 221 8948
106 194 8018
354 234 9424
466 163 7053
274 68 1157
236 328 1407
419 478 2391
172 151 2990
325 8 4366
197 259 7049
484 130 6054
75 215 2404
434 306 748
249 295 1653
352 237 3618
360 295 8717
44 196 3392
295 162 5054
425 256 8533
451 299 8756
378 196 7646
196 160 4055
291 354 2472
152 451 7026
335 291 9306
156 249 3352
27 78 5189
154 128 3642
66 483 7359
296 486 8750
256 80 1289
106 436 7153
336 449 2661
32 190 2574
317 20 5651
53 159 9772
115 420 3326
49 188 4052
341 466 7987
315 16 9834
120 290 8274
472 295 3755
22 173 7636
5 63 918
448 371 8296
499 235 999
467 386 2436
442 283 7853
366 385 4320
84 13 3700
157 77 5552
137 232 3674
149 66 9893
37 437 3151
370 176 9627
322 201 5623
265 102 6759
44 96 1215
148 206 9580
95 14 8700
215 279 3143
69 97 9135
43 41 8082
303 165 9761
58 177 7525
217 97 9747
213 244 5098
337 406 8281
188 445 9165
145 6 6348
432 138 5425
210 32 1292
340 462 2224
477 109 7346
203 314 7407
80 113 6521
282 235 1400
480 305 2365
1 203 8032
400 379 8821
240 307 7663
105 269 1224
461 78 2487
412 421 8723
265 409 7109
94 264 5414
410 2 9620
307 223 5960
32 105 1875
401 109 2708
355 242 6466
279 207 4093
360 284 5610
30 136 795
146 371 5315
269 107 3513
133 207 1961
134 29 7901
264 352 5478
292 210 9710
257 253 4334
5 201 6106
263 221 8956
348 278 1067
154 254 2804
413 22 7188
95 73 1839
341 298 8663
476 55 6094
60 103 2057
45 151 9054
368 66 3367
153 54 3280
10 142 2051
396 393 1903
233 305 5403
48 120 1962
129 107 6163
75 127 1388
297 68 9129
287 322 9330
293 85 6905
333 466 9572
11 102 2787
194 272 3777
342 327 7357
213 385 2747
21 168 2770
338 1 9812
16 433 3647
157 209 5321
93 66 2651
355 232 6555
146 291 8986
34 271 8836
428 110 1737
440 196 5627
422 31 9374
356 80 788
438 232 7646
492 289 6793
363 187 1297
403 344 2546
83 45 1701
208 230 5363
448 174 8479
390 170 6840
13 246 737
316 461 5985
368 344 1689
310 238 7189
420 193 4212
431 470 3170
441 159 3078
139 384 7800
5 483 3582
150 133 7332
91 259 1292
156 279 9653
3 467 4846
348 401 3843
4 197 7183
30 130 1336
215 168 6541
219 415 7896
419 217 9529
475 65 5197
431 39 7192
128 85 7432
403 57 4765
122 99 3574
149 292 9389
353 305 8447
2 2 6170
312 169 3551
123 252 691
197 281 7662
71 101 8733
193 169 8907
417 445 8707
440 309 5879
148 8 1809
82 130 3847
368 146 4217
464 27 586
38 271 5645
3 418 6838
440 346 6131
21 473 8870
393 392 2364
41 141 4733
33 190 4590
363 122 3878
248 113 781
198 307 1819
278 67 4892
392 166 9915
374 474 1729
388 364 2427
237 42 6838
361 72 5801
278 8 7513
87 241 7308
393 357 7236
429 209 608
449 93 6551
193 189 5894
418 473 3509
236 118 4043
391 402 5322
27 168 9251
69 296 579
460 396 5270
240 82 1879
462 433 4875
45 142 6007
257 193 4129
105 349 8678
261 431 9662
51 427 5199
245 427 1731
495 4 3525
447 116 4645
374 491 9535
142 498 2279
90 496 5139
436 223 1483
295 361 6332
175 321 1958
207 49 6238
83 427 8554
382 148 2542
496 331 9542
256 229 7722
476 268 6599
53 87 2780
145 246 4064
275 99 6163
489 57 1122
299 224 1588
74 134 7704
313 57 636
395 101 817
375 232 9754
365 391 1712
167 426 2607
443 87 6539
118 6 1591
182 492 1343
219 16 6852
436 49 3710
356 50 3737
446 287 8589
87 257 9323
51 321 8147
412 52 1695
215 106 8567
398 229 1534
102 343 4750
162 14 4739
58 389 6942
71 234 2419
219 136 2359
309 437 6071
304 208 6133
118 388 8078
317 9 6333
357 99 5545
93 419 1622
211 355 1002
475 498 8795
319 124 7014
315 169 6609
3 414 1564
274 235 7091
271 105 4587
181 318 1610
138 149 1745
471 282 4934
29 85 4830
211 122 8023
385 439 4594
335 130 9083
124 37 1587
6 239 3549
252 384 5898
62 422 1708
167 472 1097
136 237 2030
113 148 6842
477 234 5512
442 394 3015
284 238 7735
36 43 7229
435 137 640
75 257 3101
50 250 9684
36 353 9167
357 29 8728
499 106 2486
40 51 7318
369 208 9424
470 32 8186
41 180 2208
74 404 2086
295 44 3759
464 297 7819
429 406 2622
43 284 1365
74 332 8380
29 145 4904
76 267 8608
475 321 9670
214 2 6461
83 318 4477
125 457 1856
299 309 3371
468 243 4771
225 360 1507
307 147 5632
43 0 6253
447 135 4553
427 214 6452
151 110 6888
461 161 9197
10 134 6677
483 396 9263
39 306 1229
208 373 4773
126 3 6478
13 365 5646
69 472 7805
71 39 1877
391 94 1989
432 63 8007
430 302 4717
396 330 9091
486 67 837
491 421 8637
419 446 6167
130 54 7769
71 311 6376
342 158 9683
40 332 4178
447 83 3525
364 449 8963
129 66 1466
223 399 3795
38 307 5069
200 302 9835
98 132 2181
442 51 783
312 461 7791
27 230 7171
484 219 5456
50 160 3349
300 163 2124
437 465 2714
70 2 9245
5 239 5404
463 496 9721
112 301 4536
13 15 3578
25 212 8529
78 468 1081
25 67 5173
444 486 7627
72 401 2225
90 472 7636
245 231 9300
29 296 6269
189 350 7829
436 471 3408
407 491 9602
308 54 8737
239 95 5548
356 111 546
470 118 2585
289 234 3480
462 229 8168
223 107 4042
362 481 6658
106 46 5607
131 14 7468
429 30 2790
196 198 4536
271 203 8383
484 494 5974
365 334 6981
55 163 5325
383 43 2009
261 499 4391
24 237 7220
112 303 6315
187 466 6519
287 403 1504
107 287 2330
355 431 1754
425 465 2842
370 100 8313
185 429 1041
84 1 5541
251 398 4829
272 103 3252
101 355 3886
233 18 7197
469 453 1048
356 121 7632
42 492 5941
409 420 3833
328 11 5660
12 41 4646
285 177 5778
22 231 6559
377 16 5550
459 478 8201
400 84 1151
210 304 3815
301 413 6300
357 486 5756
305 101 4567
382 5 2233
266 60 8281
265 6 578
157 12 7089
21 361 1589
387 35 7452
262 499 3894
376 139 9428
56 415 5781
181 296 4872
433 183 4694
92 281 9509
142 457 8591
107 9 9556
442 39 3911
481 114 2792
209 455 5094
320 64 1453
153 384 962
78 92 2123
482 257 9886
420 119 1148
486 322 6152
394 344 8363
432 200 9398
74 362 2377
117 137 3063
118 105 6392
124 45 9916
270 481 4369
171 188 9866
91 308 6148
460 481 8843
9 482 5057
416 395 5165
451 434 4620
96 411 8214
102 14 1775
86 145 6195
137 500 4217
191 219 3227
426 296 8456
484 442 7202
168 31 1871
445 376 5413
176 10 3455
335 253 8763
214 154 3470
325 481 3667
372 76 4434
313 10 2580
434 69 1764
160 381 2489
145 500 7239
156 484 2019
476 155 8110
188 490 4212
491 114 6051
254 393 7720
379 310 4777
57 177 1616
315 434 759
350 79 4877
260 333 2460
160 465 9378
96 423 8287
337 494 7680
213 252 7809
396 21 2276
396 322 5862
103 234 8075
72 62 4654
39 267 5437
350 383 9141
167 28 3140
74 286 7440
236 10 3165
140 329 5095
201 133 1132
453 140 8118
481 409 2388
364 247 9742
400 85 4583
217 127 9519
228 473 1186
162 93 1862
151 474 9561
327 293 4439
178 49 9748
143 103 3072
308 346 4028
229 172 4938
8 424 4955
414 240 6652
218 182 7839
306 219 3223
276 275 3260
200 59 3705
355 190 617
488 107 8961
52 360 7483
494 34 6189
40 353 2077
477 430 4739
221 266 4240
144 255 6482
10 244 7321
293 323 3366
445 20 8120
115 376 1046
220 187 3102
104 4 3353
400 406 6166
144 52 7031
457 414 6673
411 191 9007
103 367 9452
15 411 7539
67 403 1170
382 360 9737
367 117 7311
294 153 559
167 164 7254
140 471 5904
378 408 7211
381 4 6249
453 142 2968
413 42 542
130 470 6423
60 218 2371
324 444 4675
290 35 2186
66 58 7725
435 16 1884
172 214 3772
181 169 4061
157 156 2111
264 127 7107
341 285 6020
232 41 3589
178 62 4912
500 4 7929
193 125 2962
339 7 3793
296 57 7182
208 192 8096
217 155 9574
8 272 1890
282 439 9052
482 341 5069
356 235 5194
399 199 4548
304 283 8653
370 397 9632
408 466 8336
478 408 1917
173 256 5820
234 115 3211
213 131 6245
147 488 8887
357 98 7111
280 197 1442
3 110 4161
454 444 8766
51 386 4304
98 269 2188
371 381 6552
393 254 9728
332 372 5726
311 69 9794
469 454 4725
327 164 9589
441 141 2030
244 199 958
496 488 6360
321 363 4655
16 356 7847
292 458 3879
321 461 1561
258 382 2809
479 437 4669
226 122 9051
64 241 687
417 461 1353
408 214 5714
249 396 5189
277 180 8083
121 317 4067
53 448 712
188 321 9866
195 343 674
35 77 4595
331 169 3554
11 451 2499
214 43 9325
141 196 7887
157 480 2637
317 47 9808
304 289 4001
346 464 8089
228 323 9219
106 213 6891
414 360 9188
296 498 3384
476 75 6711
195 19 2493
60 277 2033
342 58 4984
91 108 8222
396 328 7912
363 12 5523
474 352 3165
91 207 9166
347 210 1350
462 363 9981
348 332 9181
364 20 5338
188 235 2327
209 177 3065
246 355 1133
133 353 9438
237 231 5533
145 93 6069
57 448 4132
303 103 7965
19 114 8540
311 440 4257
318 343 1714
417 37 9318
268 126 4749
291 235 3334
371 201 730
2 66 1048
420 496 960
256 349 7313
234 178 8089
283 394 1753
364 66 6575
48 7 2990
491 1 8349
366 9 8954
327 312 3575
291 336 4446
233 316 5210
28 66 7865
451 125 2026
381 420 6776
73 59 2807
177 102 9624
278 420 7831
353 152 842
166 208 6859
146 93 6280
438 441 6321
287 242 3374
163 341 6996
292 445 8204
391 406 5842
494 362 9853
460 99 9116
135 278 3035
249 211 7564
443 98 9816
270 242 9646
480 373 9269
379 424 8524
248 262 2138
341 239 2185
435 285 6739
101 211 7633
46 80 4864
139 264 3735
269 385 4962
39 265 4682
86 473 3803
306 119 8700
30 394 3474
128 401 5648
28 482 4814
113 241 4574
243 370 3698
25 263 3629
377 409 2189
67 32 2813
450 124 4020
127 304 8959
479 375 6488
216 355 3644
316 311 2891
215 245 3641
316 462 9898
386 315 5512
292 238 7079
242 146 3476
162 495 2906
292 155 2498
246 19 6938
59 303 4273
333 123 6749
441 225 7183
322 118 7399
381 87 5116
427 260 8450
494 226 4270
68 371 6326
119 10 3899
358 192 5475
345 197 3116
185 379 4597
243 69 7711
437 98 2466
86 106 9051
471 80 2317
314 199 4710
226 164 8837
457 481 2716
293 452 7082
60 313 3014
94 13 9521
399 119 6259
89 201 4690
16 32 4192
100 27 5888
463 257 3294
389 348 4520
87 24 2664
228 191 7051
325 305 2282
112 59 5340
0 343 3686
83 281 8423
309 237 9384
166 26 9902
482 408 3965
422 150 7468
271 419 2780
253 74 4808
398 299 6219
497 357 5387
436 189 5634
479 51 2333
216 100 5343
73 300 6926
270 127 2447
286 175 6419
333 433 3635
399 98 8859
88 189 3053
417 174 6386
199 492 8728
18 480 6240
41 411 9683
106 323 6465
325 266 8751
249 85 7471
70 217 2076
138 253 7202
479 153 4776
66 310 3545
410 193 7098
125 197 9565
216 122 6078
427 123 6813
136 244 9043
418 169 8854
154 82 2582
256 46 7657
164 272 7298
257 286 8726
361 299 4556
95 401 2140
327 55 5048
376 103 8108
276 257 3839
328 141 4670
22 22 2535
434 185 9409
306 242 5661
309 4 3776
399 475 2378
20 479 6038
275 490 8686
190 485 6978
111 376 2494
245 283 3511
479 459 4338
255 457 8739
267 341 8741
125 28 8078
483 167 9915
318 415 3089
369 459 9908
31 400 6261
379 457 5552
434 279 3157
169 424 6093
244 95 6246
250 468 8259
174 287 6087
313 149 4596
366 78 9018
110 50 2040
89 166 8883
351 263 9085
338 50 5331
352 112 9456
481 410 4458
277 246 8251
407 499 5654
12 250 6156
481 118 4435
241 135 8934
97 265 7929
272 339 5211
218 290 5950
394 234 4489
45 322 9136
373 43 5645
312 327 4257
131 459 4167
260 370 7771
353 355 3139
295 193 2993
88 152 2223
0 115 7036
63 81 7559
176 194 2370
192 299 8439
259 255 5685
106 499 5725
387 225 2089
27 426 2139
30 101 6187
459 342 9952
255 400 2386
188 451 6850
73 219 4404
443 231 8382
100 172 5851
123 382 2382
440 256 5205
364 159 3888
380 301 5028
293 211 8964
161 240 3719
126 298 4923
409 289 2735
327 40 8359
83 373 7402
111 34 6245
130 459 4934
5 60 5503
35 199 8632
279 348 7263
252 151 9849
3 300 4622
233 47 2599
63 369 2692
484 351 5485
41 408 7326
214 133 3779
295 487 9942
490 236 4602
467 60 7015
240 276 8265
21 205 3900
151 169 8778
108 262 4576
421 357 4928
42 110 6999
106 200 8759
11 212 5530
413 406 9907
476 469 4703
317 298 2317
121 33 2602
143 77 9772
2 35 6853
425 209 7566
163 249 8819
167 281 7626
436 36 7598
258 125 2440
211 211 5327
333 35 2321
378 357 4303
440 376 8039
175 394 5475
279 459 3917
402 200 4402
335 353 5542
367 394 8509
248 24 3644
413 257 3670
110 138 6712
325 326 8485
424 169 6258
192 280 6501
64 365 3844
355 63 9534
33 127 3620
258 356 8116
204 29 4443
162 155 9641
171 153 8533
136 184 9934
153 369 3052
441 95 9908
41 88 6644
152 30 6834
221 1 8818
127 200 8128
303 12 9076
28 30 3335
224 193 7111
328 96 3723
456 99 6348
309 256 2685
498 92 2902
196 122 6131
369 468 9459
431 73 8398
67 470 2034
176 500 7201
352 201 5331
230 490 4382
398 367 8711
290 140 3010
161 241 3505
462 138 2096
350 181 4750
430 357 7427
216 408 3280
354 286 3021
322 84 4074
5 314 8994
134 413 6006
153 301 3627
250 316 5041
376 236 3230
220 178 5045
253 431 7507
397 484 7641
302 420 6331
176 0 4042
335 468 3562
101 41 9657
293 3 3087
381 216 7157
254 385 8080
71 360 5361
172 27 7617
226 317 8989
222 48 3253
427 220 7363
247 20 4000
25 414 9203
277 304 5441
445 381 6243
318 96 7428
271 359 7216
177 482 7283
31 307 5212
331 476 8614
143 305 8519
393 1 8481
276 413 6321
118 371 4840
227 40 6456
156 315 9158
225 317 4103
256 117 2140
321 47 8033
373 326 5801
183 380 8379
453 70 6719
29 156 7580
49 332 2990
450 119 9796
78 464 7521
314 199 9246
28 30 9221
37 368 3854
148 58 6556
4 498
5 500
2 2
2 2
499 498
0 499
495 0
1 1
4 498
4 495
5 495
498 1
1 497
497 1
2 498
0 500
495 499
