900 1300 1000 90 20
68 250 2337
460 161 8436
813 957 8631
539 608 2709
831 548 8319
586 545 930
792 379 2827
406 864 4008
341 420 8907
308 43 4874
879 535 9873
84 843 8939
809 728 3777
361 503 2087
607 143 7370
348 899 1531
298 794 1190
618 387 9196
498 804 9205
834 1136 5333
146 173 2422
744 448 3668
878 725 1812
461 874 7991
127 1259 7106
8 43 9033
565 649 8775
595 274 4917
717 176 9397
549 123 2081
100 698 4535
410 503 1698
655 206 8588
691 387 4220
695 106 3274
90 1060 8835
121 1262 5354
637 210 6687
398 1160 9300
376 1101 2790
727 1140 8563
330 917 9028
57 781 4259
808 767 9050
552 233 6499
753 1222 3631
174 1161 696
146 1281 7327
597 418 8624
260 907 972
154 1108 2173
830 680 5935
82 397 8607
406 122 9699
243 190 8856
821 825 822
588 640 1430
113 690 8904
456 1229 946
212 32 1015
789 893 3173
559 1055 3499
518 137 1704
786 1075 3077
306 412 7667
163 1233 3715
447 250 4768
396 715 1112
674 179 5601
394 778 4420
567 700 3389
582 427 7296
742 283 6161
572 614 5636
774 10 6679
83 85 3517
597 395 3271
445 568 4183
720 323 1526
259 965 1201
466 411 8684
733 566 8366
817 603 1024
191 914 7965
855 1040 6720
234 1080 2462
150 603 5106
779 284 9304
811 114 2969
715 899 4754
8 104 6679
189 29 7379
565 655 4584
715 753 7827
590 1298 4268
443 1007 834
197 444 2436
396 924 4123
255 683 5660
74 794 4100
779 323 8428
701 1172 9829
623 427 795
204 87 8704
886 60 7869
359 372 8842
530 598 2956
301 24 2611
544 1264 1308
337 972 6587
656 266 7273
129 787 5361
658 1110 7054
134 1272 1308
679 1102 9420
24 364 4165
424 511 1460
529 665 2667
648 996 1650
817 406 4249
795 497 5286
137 602 1323
675 3 5742
65 888 5451
638 232 5366
603 1148 3114
779 793 6886
492 332 1444
841 51 1547
367 987 7709
257 108 2202
851 181 9856
57 208 7099
297 1173 2417
530 423 2608
200 630 2027
750 857 3342
231 205 3345
722 88 9863
867 1146 2350
4 126 9503
519 254 6755
782 221 1184
766 156 971
453 407 9893
335 614 3432
133 408 5403
658 342 6567
176 791 1354
358 261 1046
626 340 4048
96 434 6083
675 565 3132
443 327 3186
661 49 1366
258 1106 1473
400 494 9987
214 557 7591
660 954 9739
31 84 9376
797 1074 7908
334 1129 8206
592 225 2558
159 332 1613
867 249 1590
23 341 5656
419 1061 532
280 339 5695
355 603 6153
120 616 9138
257 443 5882
346 568 7464
867 26 3679
306 1018 8576
462 776 6541
137 44 1542
3 472 8174
829 468 1442
487 524 7065
299 298 2027
886 784 4144
552 1078 5783
196 497 7809
135 1223 8066
591 1001 2682
508 558 6270
304 735 5380
513 641 6852
246 74 2138
226 919 9422
706 1151 5328
26 713 9688
547 1297 555
845 5 8729
225 837 9652
514 599 5584
10 1126 1223
480 43 7233
405 615 9522
669 198 7108
576 242 2280
777 762 7414
699 1169 4224
748 362 5106
394 621 4670
773 594 5646
630 1055 2705
23 529 1859
889 477 955
615 1087 7015
727 196 3750
3 397 2952
238 1123 926
579 175 2506
469 135 9883
858 880 3161
742 172 5920
124 207 8369
125 347 1272
199 14 7279
431 560 7128
592 139 3909
850 534 6597
557 315 2026
457 855 4251
362 496 4484
770 364 6409
307 10 8799
321 680 5520
605 546 8152
431 746 4174
706 558 8948
367 621 2721
337 788 9809
497 253 1713
331 848 4100
482 903 9102
734 639 9032
263 962 2493
144 808 641
48 654 7118
653 667 9970
576 113 1000
155 1096 4923
158 287 2976
758 1048 2969
761 317 6071
100 72 9727
820 880 9319
88 86 6878
51 65 2844
381 965 9788
101 386 4848
114 128 2652
803 1032 1016
858 475 3661
418 446 1761
579 553 8903
388 356 513
199 954 4182
365 307 8667
395 695 1696
560 1049 6746
820 983 3626
174 82 3591
438 795 5066
865 713 8057
789 561 7681
173 318 9538
845 1252 6651
97 1221 5979
93 295 4001
758 43 6780
97 390 5628
198 897 912
755 836 2220
584 383 1108
43 1049 7500
812 1062 4560
534 1077 9174
689 87 3353
621 1185 6999
362 978 7899
897 1054 3238
439 219 8034
862 862 734
493 190 5694
677 830 5425
722 691 3043
227 413 1796
87 588 6793
875 1176 1894
871 766 7915
557 1214 8851
32 95 8335
606 416 2298
858 1122 2781
401 790 740
577 368 6633
606 1285 7870
877 302 5561
108 1204 6039
664 994 9677
753 89 5705
516 944 2293
864 932 764
577 482 9925
303 396 5550
756 1165 3588
480 640 614
371 555 3623
667 929 3193
468 235 6714
773 640 2416
15 47 2515
801 235 8655
676 823 6138
15 909 9562
45 728 4703
27 159 6276
255 871 7573
354 886 1238
495 700 8261
139 412 7987
103 1115 7096
33 469 4472
183 767 5430
47 696 3814
878 340 4804
529 120 5205
99 1061 5174
356 1145 4949
792 312 8793
566 1044 3741
508 1226 9467
314 616 2684
657 145 8570
309 1111 6787
760 391 4183
201 106 5189
9 34 3221
143 585 3687
44 1267 9724
642 1067 1760
150 207 4773
528 727 6750
687 1000 4679
37 505 9394
163 492 9758
248 112 3780
598 1059 4013
844 520 5092
377 467 1333
240 666 6732
740 610 8011
420 940 3425
765 599 2878
732 1088 1247
459 1197 7703
881 284 5377
3 993 5027
813 541 7734
869 297 2449
100 1234 5522
365 1060 6771
303 1260 2614
843 1217 4468
688 615 7615
695 358 7799
237 888 2392
877 737 9964
646 537 2669
282 427 3947
870 527 6977
348 899 3495
713 28 7810
509 528 3740
822 1297 2548
307 1109 1410
592 1060 1308
34 286 619
572 616 4463
345 269 2068
839 666 4031
619 648 9031
421 178 1769
20 1214 2215
553 89 9612
309 354 5122
729 580 8015
778 1086 679
98 1243 8253
14 1131 6148
815 1065 9176
550 1095 4258
563 684 5827
730 508 6091
307 721 9967
316 201 8427
700 633 4954
139 947 984
742 317 8233
210 137 6320
630 744 5005
782 642 6223
66 779 4944
514 10 2415
843 370 7858
674 1067 6342
225 976 7752
246 197 7494
702 1067 6324
767 477 8661
420 213 1956
351 640 4522
707 331 7621
126 372 6109
868 637 4849
231 868 1564
197 558 781
155 323 1482
189 682 1474
784 633 5279
296 322 5098
455 1031 7506
514 247 8726
448 878 9347
763 440 7333
198 939 5452
257 25 4260
89 962 5644
481 76 4413
362 1209 3479
228 157 1570
419 827 2740
399 268 7588
60 1140 1484
810 541 4300
236 454 4878
740 585 9562
234 196 5278
108 517 819
517 499 8648
9 685 9185
197 48 9817
446 231 5853
720 577 5682
406 522 7486
642 703 2568
476 207 9169
762 1001 6514
157 125 5753
812 567 2771
53 393 3970
386 886 7855
628 226 4721
455 93 6702
309 783 7307
371 496 8966
383 12 4671
688 686 9725
221 418 7083
834 528 1558
301 1018 8546
698 708 6367
871 30 7587
75 414 8271
397 760 2870
892 1139 2435
844 129 1379
617 439 9391
454 699 8702
569 440 3893
583 2 2124
739 523 1845
768 331 2851
328 64 8432
425 503 2511
47 223 9187
202 505 8522
606 802 4253
585 343 9052
753 1195 9615
584 795 9778
664 596 9209
856 1223 9804
823 1014 1436
867 1104 9793
508 705 9433
49 720 9888
476 698 1744
686 1079 3936
397 722 1630
102 695 2394
894 187 3033
602 1145 3745
757 1026 7898
705 789 6333
894 1133 8628
538 161 7852
281 1295 2632
650 1061 8901
858 601 2745
87 855 6916
846 1122 8286
820 1230 6615
122 679 4492
199 238 5663
636 448 7943
517 440 6888
38 170 4576
866 1105 9244
21 1180 1803
613 646 3485
202 719 5685
444 288 516
287 862 8429
871 713 7826
85 320 7624
254 818 8156
100 414 912
454 999 5286
575 49 6442
323 1244 3417
124 660 8708
29 17 7828
131 1117 6115
523 177 8627
802 590 8452
130 1163 6138
495 43 4336
303 342 2229
647 342 3497
874 774 9040
624 670 2569
492 261 8989
626 693 5421
413 905 4516
488 1149 2380
731 1297 1987
447 696 6659
711 850 6411
42 885 6546
125 302 6071
823 1193 5913
273 481 1778
442 1074 5283
631 646 5499
686 509 8276
304 449 5967
289 502 7253
163 457 7137
867 1018 6712
743 499 9086
100 345 6148
732 1034 9145
372 262 2647
71 405 1295
848 1142 4385
494 1040 558
416 819 5919
853 332 6628
456 458 2340
764 529 1945
617 621 4679
271 107 6275
724 1282 9175
52 959 9035
743 791 4503
95 1293 4117
877 903 3185
323 771 7507
269 52 8374
451 158 8840
428 1055 8207
446 574 1233
274 1011 7061
37 192 7230
59 1189 6083
33 850 6118
568 796 932
738 724 635
724 767 1941
857 910 8840
522 692 2756
588 1000 7290
164 1240 2393
579 89 6917
786 1 8822
532 336 4276
42 389 2201
61 1110 3877
867 947 9953
466 622 5885
163 513 6731
162 420 5139
15 443 7612
164 16 4384
489 657 5423
266 254 6764
260 344 4211
600 993 4658
263 8 5993
592 888 8713
730 517 2420
84 323 8518
9 1149 8937
378 366 8737
161 1289 9377
776 476 9783
28 1146 8139
503 834 6282
113 674 8545
751 110 701
899 568 2588
694 528 5457
590 10 9286
424 355 1127
179 996 2756
594 526 3314
351 874 6400
672 359 1157
254 1158 7629
670 418 7848
105 1028 9190
395 239 9089
619 90 1610
404 1149 6465
632 1102 6206
323 1015 3427
868 55 3256
232 71 1563
672 339 1644
253 317 1683
759 1182 7767
667 575 2410
113 617 8487
819 1282 4214
458 1002 3138
515 1161 8858
297 208 5939
541 313 888
430 828 6422
423 248 6136
340 207 2662
556 124 3734
148 760 896
691 634 6403
113 207 1320
422 55 6650
253 1119 2759
263 567 6930
49 1204 6716
373 414 9331
864 144 8776
59 383 1505
502 825 8061
81 972 9376
12 804 4189
269 264 5186
295 332 4879
896 974 9270
99 675 9476
876 460 2879
686 976 3844
151 1096 5527
757 125 4651
653 880 3415
665 847 9548
613 1169 4537
841 981 5068
589 525 4068
443 1260 1603
57 456 3387
670 260 7940
372 112 8890
457 1163 4543
481 198 2929
67 630 1917
195 316 4456
775 728 7484
870 875 8602
13 855 1292
484 1129 9804
542 1157 3650
644 88 7326
294 12 1600
722 50 4373
518 997 7630
49 346 5695
347 78 8839
124 611 6011
183 255 8236
101 1265 7013
515 472 2290
43 1136 8694
562 436 4362
415 90 8977
572 138 9231
525 1203 6124
611 405 4360
870 1169 7940
723 623 3059
887 322 4578
349 508 4187
591 1224 7550
168 1260 9512
703 733 6489
494 762 7393
46 218 8027
221 976 9928
535 1259 8428
498 496 2370
61 649 8214
785 539 7009
225 803 7982
270 1188 7213
241 425 7515
587 371 8248
53 472 3401
790 1115 8472
392 905 4997
331 1253 2079
114 768 7026
186 691 9646
468 1031 3366
303 729 6775
127 1135 2089
174 842 9732
850 128 7055
253 1167 5892
783 313 9315
589 474 3803
332 248 4098
520 1147 8812
258 263 3710
841 1046 7322
133 867 7848
399 327 9006
69 856 5336
590 877 4017
195 475 9651
866 168 2147
477 14 7206
392 444 1041
63 174 2684
721 254 9337
773 1191 8481
308 673 5207
727 173 9682
364 208 8996
611 957 1521
93 134 9233
122 939 2821
350 1059 1626
595 651 3710
880 627 5769
703 699 7969
76 702 2487
204 508 6946
723 7 3883
615 1124 9844
678 55 9026
675 477 6359
26 313 8804
241 1160 8288
723 134 9794
223 140 6928
28 780 9348
234 681 3734
453 201 8994
515 737 845
473 1269 8272
302 1221 9655
141 1124 4366
653 129 3389
143 886 6870
275 491 9978
270 523 8897
795 27 2128
360 356 7112
505 102 9835
147 1040 2999
722 1113 1988
216 785 2884
862 835 5481
94 129 803
693 633 3118
495 171 3188
78 1038 4198
668 951 1647
675 1269 3771
743 839 1702
409 94 817
281 85 7815
257 307 2462
730 577 1243
410 37 3331
507 984 2896
602 1078 5665
859 1045 9635
456 175 6993
741 558 5767
540 1238 8673
803 775 8249
555 660 8506
88 437 2620
541 642 8715
73 661 4722
548 929 9689
358 938 1573
9 1010 2505
158 1255 5422
475 1033 4526
706 98 1756
14 94 7311
566 22 3218
541 277 4884
446 307 5443
747 294 8509
638 865 5340
334 1163 808
473 464 6396
630 161 9788
878 1210 2428
359 560 3633
534 1245 3220
538 15 3130
557 1047 4758
364 801 9648
470 996 677
248 1254 5018
227 326 5171
412 379 8077
755 971 1203
814 921 2471
528 1136 1117
631 969 7391
138 951 8121
150 875 3535
336 188 9637
784 1275 8460
729 1221 4233
8 1029 1286
313 412 5845
149 915 5263
840 518 6300
421 75 4167
759 0 5761
282 487 1748
444 716 7008
760 458 952
695 811 5506
252 1150 3245
775 1178 912
668 210 1222
140 917 8423
391 763 6243
498 795 7847
119 361 1814
617 696 1644
153 1264 1954
504 1254 9314
770 594 7246
209 1151 7470
318 947 4590
226 1293 3484
24 143 8139
614 180 3405
42 883 7224
130 361 8875
727 947 9982
8 1123 518
315 955 9461
41 189 4084
509 460 9886
122 479 2390
43 676 5931
305 105 7615
34 187 6881
196 1 585
37 932 4150
872 138 1037
801 970 2359
216 816 7842
539 848 6008
573 652 2566
79 887 6227
657 616 8614
300 850 901
809 26 5719
509 471 4423
758 1265 2300
279 915 1156
106 240 9900
429 883 2944
471 1251 6872
193 1240 1775
213 1205 9095
211 1116 8771
467 65 8637
185 1055 6643
644 771 3023
518 1008 4681
127 568 1808
783 657 5141
319 1290 6378
77 157 9439
170 324 6184
381 670 2428
153 97 1936
642 730 5269
256 928 2750
360 227 7558
412 650 6632
825 394 937
557 433 1889
187 1076 7760
216 134 7019
206 297 6979
321 270 3981
780 903 2108
57 865 7263
401 563 1241
338 633 9313
320 128 6062
712 1212 4737
458 900 1020
442 1168 8212
300 58 9208
626 292 4450
898 446 8853
683 810 4135
135 85 9976
898 1249 9605
814 535 3263
148 698 7154
820 806 5224
1 1181 9595
115 634 7527
394 1096 6751
309 742 2074
814 297 9761
338 746 9387
273 159 4673
571 1293 8947
254 1133 4536
633 186 2004
264 308 6541
329 312 521
445 809 5897
504 410 6899
323 687 543
849 1096 1281
679 528 1034
575 586 4886
553 451 5026
58 740 9496
137 433 7343
809 872 6377
558 967 9981
446 1 3844
239 1174 6760
80 488 2042
437 816 638
158 928 1011
52 585 8021
392 451 5559
859 731 6043
133 709 2771
409 1079 3239
708 134 4797
372 1124 3482
186 1002 2287
559 188 5345
815 132 1470
743 1166 5424
169 1263 3232
21 1017 7702
201 433 7473
811 726 4490
163 935 3346
862 1288 4505
752 495 7293
842 934 6560
809 470 4622
10 531 9303
756 489 6748
857 1163 3018
843 158 4495
460 878 2783
531 993 2941
838 928 4008
304 392 550
875 1142 1457
233 381 5713
526 192 9971
812 1279 767
390 295 6051
526 730 3732
142 1231 6096
268 143 4978
493 937 2312
433 952 9975
394 186 5694
426 179 5067
64 707 5444
880 242 2377
158 262 4325
632 4 5202
341 340 5968
339 1043 3673
874 592 3721
583 165 9459
21 814 2756
382 133 9729
306 836 8263
21 683 2801
121 1096 4050
99 166 3695
127 304 2697
804 128 5272
306 995 6245
237 1107 5281
481 1127 8079
411 565 3630
742 979 2365
561 1046 9784
587 524 8038
841 528 3122
552 353 4227
488 481 7866
4 396 7751
827 11 3435
320 408 8826
301 261 3972
64 656 5189
353 1112 7659
432 711 2271
393 1102 5739
731 419 8878
164 1141 3055
553 71 3801
156 1099 3984
462 583 9776
559 1141 7809
379 62 6784
813 261 2346
476 125 3709
493 814 8102
336 456 4800
307 281 4818
147 494 5101
219 453 5054
569 934 6795
402 414 8118
16 658 3505
546 904 6469
301 980 5607
260 607 6133
42 318 2385
362 580 6894
766 662 4730
23 813 3141
562 377 6422
448 60 4452
575 422 3518
50 255 9641
704 292 8643
438 865 8835
701 619 5486
73 717 7452
763 144 5198
494 707 9114
816 645 3414
483 915 5239
241 149 9560
463 1139 9380
248 377 8705
736 724 4097
878 738 5300
649 1067 7232
633 396 9090
152 1031 5108
462 668 9842
443 864 6257
803 461 7446
759 850 7013
549 123 2443
555 1013 4577
1 5
0 1
900 1296
895 1300
900 3
3 5
5 0
2 5
0 1296
4 1297
895 1295
896 5
896 1300
899 1295
899 1296
1 1300
900 1
896 1297
895 4
899 4
