100 50
38 545
33 631
35 700
32 576
50 586
46 593
39 684
30 697
32 643
39 522
31 677
49 501
33 502
47 513
48 634
34 698
49 622
47 541
36 524
44 664
35 692
43 692
39 697
32 640
44 648
48 664
43 606
37 675
33 506
30 590
39 594
38 668
49 671
48 688
44 503
32 611
41 523
49 685
33 625
45 625
37 598
41 644
47 508
42 527
37 558
36 564
45 633
33 700
41 682
30 616
49 511
45 527
30 533
36 510
41 674
35 566
43 517
40 660
37 639
43 610
31 612
31 655
34 639
32 553
46 595
45 578
49 672
37 558
33 517
35 558
46 673
34 562
36 545
40 689
43 624
42 548
44 607
42 653
42 664
34 695
41 542
30 502
31 650
33 618
42 588
31 603
41 547
42 657
45 634
37 599
34 662
40 595
35 617
38 591
48 577
44 594
32 574
45 669
34 562
38 596
794 50 37
726 67 21
963 54 36
962 54 29
809 68 33
881 70 35
666 73 23
863 80 26
998 78 25
651 60 23
796 59 32
604 73 39
959 70 26
957 74 36
952 80 32
693 73 34
689 58 39
724 62 21
801 57 22
914 62 36
883 61 38
866 58 20
944 59 37
691 70 32
954 65 35
614 75 21
732 75 38
935 66 32
962 54 23
949 56 30
944 62 29
691 55 23
973 66 23
879 63 25
852 54 24
789 74 31
603 78 30
649 62 31
921 65 38
727 53 21
624 66 37
700 59 34
693 55 28
972 73 30
767 72 20
650 69 22
820 59 37
972 56 35
646 78 21
910 73 28
